    1e-06    1.2e-05
    -3e-06    0
    -2e-06    1e-05
    -2e-06    0
    -7.7e-06    0
    -1.1e-05    0
    -2e-05    -1e-05
    -1.6e-05    -1e-05
    -8e-06    -1e-05
    0    0
    0    1e-05
    0    0
    -1.75e-05    0
    -2.7e-05    0
    -2e-05    -1e-05
    -3e-05    0
    -2.6e-05    -2e-05
    -3e-07    -1e-05
    -1.4e-05    0
    -3.2e-05    -2e-05
    -1.4e-05    0
    -1.7e-05    -1e-05
    -1.5e-05    0
    -5e-06    1e-05
    -1.1e-05    1e-05
    -2.4e-05    0
    -2.4e-05    0
    -1.7e-05    1e-05
    -5e-06    -1e-05
    -7.7e-06    0
    -1e-06    1e-05
    -2.04112e-15    -6.28037e-16
