    0.224131    0.902332
    0.366857    1.58801
    0.233398    2.43747
    0.111558    2.50278
    0.0197723    2.67294
    0.146289    3.56857
    -0.50782    4.06884
    0.197084    4.43564
    0.550052    5.49437
    1.16011    5.75978
    1.2496    6.42429
    0.58578    7.12906
    0.0531325    7.15408
    0.486423    7.93033
    1.00729    8.95188
    1.30412    9.667
    0.838844    8.96886
    -0.0393103    8.15774
    -0.244874    6.87293
    0.100868    6.44585
    0.800346    6.61611
    0.966903    6.34255
    0.776475    6.09333
    0.463945    4.9142
    0.820439    3.74204
    -0.409124    3.70118
    0.179016    3.21613
    0.214543    3.15233
    -0.379315    2.45354
    -0.0333477    1.62252
    0.279539    1.04537
    -2.04112e-15    -6.28037e-16
