   0.22413    0.90232
   0.36686    1.58801
   0.23340    2.43746
   0.11156    2.50278
   0.01978    2.67294
   0.14630    3.56857
  -0.50780    4.06885
   0.19710    4.43565
   0.55006    5.49438
   1.16011    5.75978
   1.24960    6.42428
   0.58578    7.12906
   0.05315    7.15408
   0.48645    7.93033
   1.00731    8.95189
   1.30415    9.66700
   0.83887    8.96888
  -0.03931    8.15775
  -0.24486    6.87293
   0.10090    6.44587
   0.80036    6.61611
   0.96692    6.34256
   0.77649    6.09333
   0.46395    4.91419
   0.82045    3.74203
  -0.40910    3.70118
   0.17904    3.21613
   0.21456    3.15232
  -0.37931    2.45355
  -0.03334    1.62252
   0.27954    1.04536
