   0.27692    0.53414
   0.04617    0.88536
   0.09713    0.89900
   0.82346    0.62594
   0.69483    0.13787
   0.31710    0.21780
   0.95022    0.18214
   0.03445    0.04182
   0.43874    0.10694
   0.38156    0.61644
   0.76552    0.93966
   0.79520    0.35446
   0.18687    0.41063
   0.48976    0.98435
   0.44559    0.94558
   0.64631    0.67664
   0.70936    0.98830
   0.75469    0.76683
   0.27603    0.33670
   0.67970    0.66238
   0.65510    0.24417
   0.16261    0.29551
   0.11900    0.68018
   0.49836    0.52785
   0.95974    0.41159
   0.34039    0.60264
   0.58527    0.75052
   0.22381    0.58353
   0.75127    0.55179
   0.25510    0.58357
   0.50596    0.51182
   0.69908    0.08259
   0.89090    0.71957
   0.95929    0.99616
   0.54722    0.35453
   0.13862    0.97126
   0.14929    0.34645
   0.25751    0.88654
   0.84072    0.45469
   0.25428    0.41343
   0.81428    0.21773
   0.24352    0.12565
   0.92926    0.30891
   0.34998    0.72610
   0.19660    0.78287
   0.25108    0.69379
   0.61604    0.00980
   0.47329    0.84321
   0.35166    0.92233
   0.83083    0.77095
   0.58526    0.04266
   0.54972    0.37819
   0.91719    0.70434
   0.28584    0.72951
   0.75720    0.22428
   0.75373    0.26905
   0.38045    0.67303
   0.56782    0.47749
   0.07585    0.62372
   0.05395    0.23644
   0.53080    0.17712
   0.77917    0.82964
   0.93401    0.76692
   0.12991    0.93448
   0.56882    0.10789
   0.46939    0.18223
   0.01190    0.09910
   0.33712    0.48976
   0.16218    0.19325
   0.79428    0.89589
   0.31122    0.09909
   0.52853    0.04417
   0.16565    0.55730
   0.60198    0.77250
   0.26297    0.31194
   0.65408    0.17898
   0.68921    0.33896
   0.74815    0.21015
   0.45054    0.51015
   0.08382    0.90636
   0.22898    0.62892
   0.91334    0.10153
   0.15238    0.39085
   0.82582    0.05462
   0.53834    0.50128
   0.99613    0.43172
   0.07818    0.99756
   0.44268    0.81160
   0.10665    0.48565
   0.96190    0.89445
   0.00463    0.13755
   0.77491    0.39000
   0.81730    0.92736
   0.86869    0.91749
   0.08444    0.71357
   0.39978    0.61834
   0.25987    0.34329
   0.80007    0.93603
   0.43141    0.12477
   0.91065    0.73059
   0.18185    0.64648
   0.26380    0.83315
   0.14554    0.39828
   0.13607    0.74982
   0.86929    0.83522
   0.57970    0.32246
   0.54986    0.55226
   0.14495    0.97913
   0.85303    0.54931
   0.62206    0.33042
   0.35095    0.61947
   0.51325    0.36064
   0.40181    0.75651
   0.07597    0.41390
   0.23992    0.49235
   0.12332    0.69474
   0.18391    0.97273
   0.23995    0.32775
   0.41727    0.83780
   0.04965    0.73907
   0.90272    0.95417
   0.94479    0.03192
   0.49086    0.35687
   0.48925    0.66265
   0.33772    0.28150
   0.90005    0.23038
   0.36925    0.71113
   0.11120    0.62457
   0.78025    0.59061
   0.38974    0.66044
   0.24169    0.04755
   0.40391    0.34878
   0.09645    0.45134
   0.13197    0.24090
   0.94205    0.71505
   0.95613    0.85618
   0.57521    0.28151
   0.05978    0.73105
   0.23478    0.13776
   0.35316    0.83672
   0.82119    0.13860
   0.01540    0.58821
   0.04302    0.36616
   0.16899    0.80676
   0.64912    0.50378
   0.73172    0.48959
   0.64775    0.87705
   0.45092    0.35314
   0.54701    0.44944
   0.29632    0.96353
   0.74469    0.04230
   0.18896    0.97296
   0.68678    0.18921
   0.18351    0.66712
   0.36848    0.58644
   0.62562    0.67511
   0.78023    0.36102
   0.08113    0.62028
   0.92939    0.81115
   0.77571    0.01926
   0.48679    0.08387
   0.43586    0.97480
   0.44678    0.65135
   0.30635    0.23124
   0.50851    0.40349
   0.51077    0.12202
   0.81763    0.26844
   0.79483    0.25785
   0.64432    0.33167
   0.37861    0.15223
   0.81158    0.34801
   0.53283    0.12166
   0.35073    0.88415
   0.93900    0.09428
   0.87594    0.93004
   0.55016    0.39902
   0.62248    0.04740
   0.58704    0.34237
   0.20774    0.73597
   0.30125    0.79468
   0.47092    0.54491
   0.23049    0.68622
   0.84431    0.89363
   0.19476    0.05479
   0.22592    0.30366
   0.17071    0.04619
   0.22766    0.19548
   0.43570    0.72017
   0.31110    0.72175
   0.92338    0.87780
   0.43021    0.58243
   0.18482    0.07068
   0.90488    0.92274
   0.97975    0.80037
   0.43887    0.28595
   0.11112    0.54366
   0.25806    0.98478
   0.40872    0.71568
   0.59490    0.83897
   0.26221    0.43326
   0.60284    0.47062
   0.71122    0.56071
   0.22175    0.26909
   0.11742    0.74902
   0.29668    0.50389
   0.31878    0.64681
   0.42417    0.30775
   0.50786    0.13872
   0.08552    0.47557
   0.26248    0.36246
   0.80101    0.78811
   0.02922    0.78030
   0.92885    0.66851
   0.73033    0.13350
   0.48861    0.02156
   0.57853    0.55984
   0.23728    0.30082
   0.45885    0.93941
   0.96309    0.98090
   0.54681    0.28662
   0.52114    0.80082
   0.23159    0.89611
   0.48890    0.59753
   0.62406    0.88402
   0.67914    0.94373
   0.39552    0.54916
   0.36744    0.72839
   0.98798    0.57676
   0.03774    0.02586
   0.88517    0.44653
   0.91329    0.64630
   0.79618    0.52120
   0.09871    0.37231
   0.26187    0.93713
   0.33536    0.82953
   0.67973    0.84909
   0.13655    0.37253
   0.72123    0.59318
   0.10676    0.87255
   0.65376    0.93350
   0.49417    0.66846
   0.77905    0.20678
   0.71504    0.65385
   0.90372    0.07205
   0.89092    0.40673
   0.33416    0.66693
   0.69875    0.93373
   0.19781    0.81095
   0.03054    0.48455
   0.74407    0.75675
   0.50002    0.41705
   0.47992    0.97179
   0.90472    0.98797
   0.60987    0.86415
   0.61767    0.38888
   0.85944    0.45474
   0.80549    0.24669
   0.57672    0.78442
   0.18292    0.88284
   0.23993    0.91371
   0.88651    0.55828
   0.02867    0.59887
   0.48990    0.14888
   0.16793    0.89971
   0.97868    0.45039
   0.71269    0.20567
   0.50047    0.89965
   0.47109    0.76259
   0.05962    0.88249
   0.68197    0.28495
   0.04243    0.67323
   0.07145    0.66428
   0.52165    0.12281
   0.09673    0.40732
   0.81815    0.27529
   0.81755    0.71667
   0.72244    0.28338
   0.14987    0.89620
   0.65961    0.82658
   0.51859    0.39003
   0.97297    0.49790
   0.64899    0.69481
   0.80033    0.83437
   0.45380    0.60963
   0.43239    0.57474
   0.82531    0.32604
   0.08347    0.45642
   0.13317    0.71380
   0.17339    0.88441
   0.39094    0.72086
   0.83138    0.01861
   0.80336    0.67478
   0.06047    0.43851
   0.39926    0.43782
   0.52688    0.11704
   0.41680    0.81468
   0.65686    0.32486
   0.62797    0.24623
   0.29198    0.34271
   0.43165    0.37569
   0.01549    0.54655
   0.98406    0.56192
   0.16717    0.39582
   0.10622    0.39813
   0.37241    0.51537
   0.19812    0.65753
   0.48969    0.95092
   0.33949    0.72235
   0.95163    0.40008
   0.92033    0.83187
   0.05268    0.13434
   0.73786    0.06047
   0.26912    0.08425
   0.42284    0.16390
   0.54787    0.32422
   0.94274    0.30173
   0.41774    0.01168
   0.98305    0.53991
   0.30145    0.09537
   0.70110    0.14651
   0.66634    0.63114
   0.53913    0.85932
   0.69811    0.97422
   0.66653    0.57084
   0.17813    0.99685
   0.12801    0.55354
   0.99908    0.51546
   0.17112    0.33068
   0.03260    0.43000
   0.56120    0.49181
   0.88187    0.07104
   0.66918    0.88774
   0.19043    0.06463
   0.36892    0.43618
   0.46073    0.82663
   0.98164    0.39453
   0.15640    0.61347
   0.85552    0.81864
   0.64476    0.88624
   0.37627    0.93111
   0.19092    0.19078
   0.42825    0.25858
   0.48202    0.89787
   0.12061    0.59336
   0.58951    0.50384
   0.22619    0.61281
   0.38462    0.81942
   0.58299    0.53189
   0.25181    0.20208
   0.29044    0.45389
   0.61709    0.42791
   0.26528    0.96605
   0.82438    0.62006
   0.98266    0.69539
   0.73025    0.72016
   0.34388    0.34690
   0.58407    0.51699
   0.10777    0.55669
   0.90631    0.15650
   0.87965    0.56206
   0.81776    0.69480
   0.26073    0.42646
   0.59436    0.83627
   0.02251    0.73139
   0.42526    0.36003
   0.31272    0.45421
   0.16148    0.38639
   0.17877    0.77555
   0.42289    0.73427
   0.09423    0.43028
   0.59852    0.69375
   0.47092    0.94521
   0.69595    0.78423
   0.69989    0.70557
   0.63853    0.10933
   0.03360    0.38993
   0.06881    0.59090
   0.31960    0.45938
   0.53086    0.05034
   0.65445    0.22869
   0.40762    0.83419
   0.81998    0.01564
   0.71836    0.86371
   0.96865    0.07807
   0.53133    0.66904
   0.32515    0.50021
   0.10563    0.21799
   0.61096    0.57162
   0.77880    0.12219
   0.42345    0.67117
   0.09082    0.59959
   0.26647    0.05598
   0.15366    0.05634
   0.28101    0.15250
   0.44009    0.01962
   0.52714    0.43518
   0.45742    0.83222
   0.87537    0.61739
   0.51805    0.52013
   0.94362    0.86387
   0.63771    0.09770
   0.95769    0.90805
   0.24071    0.10802
   0.67612    0.51700
   0.28906    0.14316
   0.67181    0.55937
   0.69514    0.00458
   0.06799    0.76668
   0.25479    0.84871
   0.22404    0.91682
   0.66783    0.98697
   0.84439    0.50513
   0.34446    0.27142
   0.78052    0.10075
   0.67533    0.50785
   0.00672    0.58561
   0.60217    0.76289
   0.38677    0.08296
   0.91599    0.66160
   0.00115    0.51698
   0.46245    0.17105
   0.42435    0.93856
   0.46092    0.59048
   0.77016    0.44063
   0.32247    0.94192
   0.78474    0.65591
   0.47136    0.45195
   0.03576    0.83970
   0.17587    0.53262
   0.72176    0.55389
   0.47349    0.68007
   0.15272    0.36719
   0.34112    0.23929
   0.60739    0.57892
   0.19175    0.86689
   0.73843    0.40678
   0.24285    0.11262
   0.91742    0.44385
   0.26906    0.30018
   0.76550    0.40139
   0.18866    0.83336
   0.28750    0.40363
   0.09111    0.39018
   0.57621    0.36045
   0.68336    0.14026
   0.54659    0.26013
   0.42573    0.08682
   0.64444    0.42940
   0.64762    0.25728
   0.67902    0.29756
   0.63579    0.42486
   0.94517    0.11921
   0.20893    0.49507
   0.70928    0.70641
   0.23623    0.24357
   0.11940    0.78507
   0.60730    0.07409
   0.45014    0.39388
   0.45873    0.00339
   0.66194    0.22068
   0.77029    0.00130
   0.35022    0.18918
   0.66201    0.14248
   0.41616    0.26808
   0.84193    0.17489
   0.83292    0.13865
   0.25644    0.59889
   0.61346    0.90106
   0.58225    0.93938
   0.54074    0.22118
   0.86994    0.48267
   0.26478    0.37601
   0.31807    0.52378
   0.11921    0.26487
   0.93983    0.06836
   0.64555    0.43633
   0.47946    0.17385
   0.63932    0.02611
   0.54472    0.95468
   0.64731    0.43060
   0.54389    0.96156
   0.72105    0.76241
   0.52250    0.00735
   0.99370    0.68004
   0.21868    0.70595
   0.10580    0.64513
   0.10970    0.55231
   0.06359    0.21811
   0.40458    0.77237
   0.44837    0.22803
   0.36582    0.37086
   0.76350    0.89093
   0.62790    0.85638
   0.77198    0.40243
   0.93285    0.31802
   0.97274    0.60864
   0.19203    0.91020
   0.13887    0.90910
   0.69627    0.59159
   0.09382    0.33257
   0.52540    0.85306
   0.53034    0.44240
   0.86114    0.90436
   0.48485    0.03318
   0.39346    0.53243
   0.67143    0.71650
   0.74126    0.17930
   0.52005    0.33653
   0.34771    0.18771
   0.15000    0.32193
   0.58609    0.40386
   0.26215    0.54857
   0.04445    0.04874
   0.75493    0.55273
   0.24279    0.27481
   0.44240    0.24150
   0.68780    0.24315
   0.35923    0.15416
   0.73634    0.95642
   0.39471    0.93566
   0.68342    0.81871
   0.70405    0.72826
   0.44231    0.17581
   0.01958    0.36037
   0.33086    0.18879
   0.42431    0.00120
   0.27027    0.31642
   0.19705    0.69962
   0.82172    0.62526
   0.42992    0.54306
   0.88777    0.43904
   0.39118    0.28743
   0.76911    0.50166
   0.39679    0.76155
   0.80851    0.76241
   0.75508    0.57606
   0.37740    0.74766
   0.21602    0.64553
   0.79041    0.12322
   0.94930    0.50440
   0.32757    0.34726
   0.67126    0.09215
   0.43864    0.14785
   0.83350    0.19817
   0.76885    0.67227
   0.16725    0.43151
   0.86198    0.69440
   0.98987    0.25678
   0.51442    0.00976
   0.88428    0.53228
   0.58803    0.27939
   0.15475    0.94623
   0.19986    0.90644
   0.40695    0.39268
   0.74871    0.02486
   0.82558    0.67144
   0.78996    0.83717
   0.31852    0.97150
   0.53406    0.05693
   0.08995    0.45032
   0.11171    0.58247
   0.13629    0.68664
   0.67865    0.71943
   0.49518    0.65004
   0.18971    0.72691
   0.49501    0.37385
   0.14761    0.58158
   0.05497    0.11612
   0.85071    0.05765
   0.56056    0.97977
   0.92961    0.28482
   0.69667    0.59497
   0.58279    0.96216
   0.81540    0.18578
   0.87901    0.19304
   0.98891    0.34164
   0.00052    0.93290
   0.86544    0.39067
   0.61257    0.27322
   0.98995    0.15195
   0.52768    0.39711
   0.47952    0.37472
   0.80135    0.13111
   0.22784    0.43504
   0.49809    0.09151
   0.90085    0.61463
   0.57466    0.01098
   0.84518    0.57326
   0.73864    0.78973
   0.58599    0.23537
   0.24673    0.44802
   0.66642    0.56936
   0.08348    0.06140
   0.62596    0.49629
   0.66094    0.64232
   0.72975    0.22127
   0.89075    0.83706
   0.98230    0.97108
   0.76903    0.84637
   0.58145    0.50600
   0.92831    0.27888
   0.58009    0.74662
   0.01698    0.23693
   0.12086    0.95735
   0.86271    0.62026
   0.48430    0.60026
   0.84486    0.17260
   0.20941    0.09035
   0.55229    0.25526
   0.62988    0.85857
   0.03199    0.91107
   0.61471    0.69963
   0.36241    0.72518
   0.04953    0.22989
   0.48957    0.57605
   0.19251    0.81063
   0.12308    0.40384
   0.20549    0.98844
   0.14651    0.09000
   0.18907    0.32094
   0.04265    0.51141
   0.63520    0.06061
   0.28187    0.72569
   0.53860    0.55656
   0.69516    0.52936
   0.49912    0.82998
   0.53580    0.85876
   0.44518    0.78903
   0.12393    0.31783
   0.49036    0.45221
   0.85300    0.75223
   0.87393    0.10986
   0.27029    0.10974
   0.20846    0.26988
   0.56498    0.52464
   0.64031    0.97265
   0.41703    0.71041
   0.20598    0.31186
   0.94793    0.29146
   0.08207    0.85036
   0.10571    0.91165
   0.14204    0.63928
   0.16646    0.25537
   0.62096    0.08867
   0.57371    0.83826
   0.05208    0.58472
   0.93120    0.94811
   0.72866    0.06103
   0.73784    0.58464
   0.06340    0.28511
   0.86044    0.82773
   0.93441    0.19099
   0.98440    0.44253
   0.85894    0.39341
   0.78556    0.82657
   0.51338    0.67687
   0.17760    0.20760
   0.39859    0.31810
   0.13393    0.13381
   0.03089    0.67146
   0.93914    0.57099
   0.30131    0.16977
   0.29553    0.14766
   0.33294    0.47608
   0.46707    0.90810
   0.64820    0.55218
   0.02523    0.03294
   0.84221    0.05386
   0.55903    0.80506
   0.85410    0.45137
   0.34788    0.38265
   0.44603    0.78964
   0.05424    0.36429
   0.17711    0.53235
   0.66281    0.71166
   0.33083    0.87148
   0.89849    0.32869
   0.11816    0.65012
   0.98842    0.97484
   0.53998    0.07597
   0.70692    0.58702
   0.99949    0.41389
   0.28785    0.30914
   0.41452    0.26383
   0.46484    0.75877
   0.76396    0.99522
   0.81820    0.18657
   0.10022    0.78115
   0.17812    0.19580
   0.35963    0.99236
   0.05670    0.80226
   0.52189    0.42423
   0.33585    0.72886
   0.17567    0.49835
   0.20895    0.80899
   0.90515    0.35651
   0.67539    0.07324
   0.46847    0.59099
   0.91213    0.91019
   0.10401    0.19377
   0.74555    0.43237
   0.73627    0.74916
   0.56186    0.03918
   0.18419    0.94632
   0.59721    0.76367
   0.29994    0.55882
   0.13412    0.18384
   0.21260    0.49795
   0.89494    0.51785
   0.07145    0.99424
   0.24249    0.85485
   0.05375    0.96240
   0.44172    0.67894
   0.01328    0.40350
   0.89719    0.93498
   0.19666    0.47948
   0.09337    0.23179
   0.30737    0.39629
   0.45606    0.70508
   0.10167    0.55856
   0.99539    0.75663
   0.33209    0.99548
   0.29735    0.96243
   0.06205    0.53507
   0.29824    0.96387
   0.04635    0.11563
   0.50543    0.05145
   0.76143    0.30435
   0.63107    0.58019
   0.08989    0.53096
   0.08086    0.90121
   0.77724    0.54055
   0.90513    0.43198
   0.53377    0.54267
   0.10915    0.71241
   0.82581    0.01667
   0.33810    0.80092
   0.29397    0.14251
   0.74631    0.47847
   0.01034    0.25684
   0.04845    0.36909
   0.66792    0.66176
   0.60347    0.16961
   0.52610    0.27878
   0.72971    0.19822
   0.70725    0.19507
   0.78138    0.32684
   0.28798    0.88034
   0.69253    0.47110
   0.55667    0.40397
   0.39652    0.17923
   0.06159    0.96892
   0.78018    0.40746
   0.33758    0.84449
   0.60787    0.61533
   0.74125    0.37661
   0.10481    0.87718
   0.12789    0.78485
   0.54954    0.46495
   0.48523    0.81398
   0.89048    0.89844
   0.79896    0.42924
   0.73434    0.33433
   0.05133    0.59665
   0.07289    0.90199
   0.08853    0.70207
   0.79835    0.37746
   0.94301    0.73496
   0.68372    0.95410
   0.13208    0.54281
   0.72272    0.54011
   0.11035    0.31111
   0.11749    0.07123
   0.64072    0.18198
   0.32881    0.09299
   0.65381    0.46349
   0.74913    0.00933
   0.58319    0.91503
   0.74003    0.64274
   0.23483    0.00142
   0.73496    0.03039
   0.97060    0.20847
   0.86693    0.45497
   0.08623    0.12727
   0.36644    0.00865
   0.36920    0.72708
   0.68503    0.35412
   0.59794    0.78045
   0.78936    0.43666
   0.36765    0.43655
   0.20603    0.04921
   0.08667    0.04963
   0.77193    0.09110
   0.20567    0.59404
   0.38827    0.24108
   0.55178    0.84137
   0.22895    0.85721
   0.64194    0.96361
   0.48448    0.48890
   0.15185    0.22031
   0.78193    0.22621
   0.10061    0.53679
   0.29407    0.76211
   0.23737    0.34757
   0.53087    0.46123
   0.09150    0.63932
   0.40532    0.91734
   0.10485    0.16157
   0.11228    0.71564
   0.78443    0.57774
   0.29157    0.43330
   0.60353    0.88424
   0.96442    0.39305
   0.43248    0.17898
   0.69475    0.63333
   0.75810    0.62400
   0.43264    0.32794
   0.65550    0.80297
   0.10976    0.99948
   0.93376    0.98098
   0.18746    0.12704
   0.26618    0.23224
   0.79783    0.02363
   0.48760    0.60743
   0.76896    0.11081
   0.39601    0.40746
   0.27294    0.88408
   0.03723    0.54813
   0.67329    0.36900
   0.42956    0.20835
   0.45174    0.44094
   0.60986    0.95620
   0.05940    0.12403
   0.31581    0.47076
   0.77272    0.85690
   0.69643    0.04339
   0.12533    0.69163
   0.13015    0.97899
   0.09235    0.28327
   0.00782    0.13378
   0.42311    0.68528
   0.65557    0.90945
   0.72292    0.61087
   0.53121    0.89998
   0.10882    0.19343
   0.63177    0.75442
   0.12650    0.34626
   0.13430    0.41863
   0.09859    0.15572
   0.14203    0.81900
   0.16825    0.62492
   0.19625    0.73856
   0.31748    0.80511
   0.31643    0.06722
   0.21756    0.95079
   0.25104    0.49758
   0.89292    0.75515
   0.70322    0.74241
   0.55574    0.83113
   0.18443    0.15650
   0.21203    0.45731
   0.07735    0.61810
   0.91380    0.93218
   0.70672    0.83509
   0.55779    0.89542
   0.31343    0.58252
   0.16620    0.58275
   0.62250    0.85493
   0.98793    0.03487
   0.17043    0.88542
   0.25779    0.40773
   0.39680    0.03638
   0.07399    0.74615
   0.68410    0.15483
   0.40239    0.14391
   0.98284    0.60596
   0.40218    0.25448
   0.62067    0.32415
   0.15437    0.40179
   0.38135    0.40637
   0.16113    0.38619
   0.75811    0.60980
   0.87111    0.16689
   0.35078    0.18809
   0.68554    0.09463
   0.29415    0.32319
   0.53063    0.76960
   0.83242    0.23412
   0.59749    0.74037
   0.33531    0.69282
   0.29923    0.82408
   0.45259    0.82798
   0.42265    0.29337
   0.35961    0.30937
   0.55832    0.52303
   0.74255    0.32530
   0.42433    0.83184
   0.42936    0.81029
   0.12487    0.55700
   0.02443    0.26296
   0.29019    0.68057
   0.31752    0.23365
   0.65369    0.45643
   0.95694    0.38457
   0.93573    0.53860
   0.45789    0.99170
   0.24048    0.75522
   0.76390    0.98045
   0.75933    0.23478
   0.74065    0.52856
   0.74369    0.05144
   0.10592    0.75688
   0.68156    0.60198
   0.46326    0.85717
   0.21216    0.98828
   0.09852    0.92948
   0.82357    0.40951
   0.17501    0.00034
   0.16357    0.54088
   0.66599    0.20773
   0.89439    0.21928
   0.51656    0.32581
   0.70270    0.09595
   0.15359    0.74753
   0.95346    0.74851
   0.54088    0.54330
   0.67973    0.33813
   0.03656    0.83233
   0.80920    0.55257
   0.74862    0.95754
   0.12019    0.89283
   0.52505    0.35650
   0.32583    0.54640
   0.54645    0.34668
   0.39888    0.62280
   0.41509    0.79662
   0.18074    0.74587
   0.25539    0.12554
   0.02054    0.82239
   0.92368    0.02515
   0.65370    0.41443
   0.93261    0.73141
   0.16351    0.78137
   0.92110    0.36729
   0.79466    0.74487
   0.57739    0.89227
   0.44004    0.24260
   0.25761    0.12960
   0.75195    0.22507
   0.22867    0.35001
   0.06419    0.28708
   0.76733    0.92749
   0.67120    0.05131
   0.71521    0.59267
   0.64206    0.16290
   0.41905    0.83841
   0.39076    0.16756
   0.81614    0.50220
   0.31743    0.99933
   0.81454    0.35541
   0.78907    0.04708
   0.85226    0.21366
   0.50564    0.39784
   0.63566    0.33367
   0.95089    0.22960
   0.44396    0.93612
   0.06002    0.68319
   0.86675    0.96211
   0.63119    0.43797
   0.35507    0.94034
   0.99700    0.00583
   0.22417    0.61031
   0.65245    0.80108
   0.60499    0.23298
   0.38725    0.93247
   0.14219    0.76326
   0.02513    0.82645
   0.42111    0.57346
   0.18410    0.79258
   0.72578    0.32904
   0.37036    0.22346
   0.84156    0.31239
   0.73423    0.58452
   0.57103    0.82991
   0.17686    0.29046
   0.95738    0.40255
   0.26532    0.86206
   0.92458    0.61474
   0.22377    0.99119
   0.37356    0.20370
   0.08750    0.82721
   0.64012    0.67586
   0.18062    0.24895
   0.04505    0.47579
   0.72317    0.39908
   0.34744    0.59944
   0.66062    0.80052
   0.38387    0.10507
   0.62735    0.82144
   0.02165    0.84109
   0.91057    0.35451
   0.80056    0.43007
   0.74585    0.57224
   0.81311    0.70082
   0.38331    0.74247
   0.61728    0.75788
   0.57549    0.38913
   0.53005    0.42930
   0.27507    0.95634
   0.24863    0.57297
   0.45164    0.84972
   0.22771    0.27635
   0.80445    0.62232
   0.98610    0.58836
   0.02999    0.96347
   0.53566    0.08590
   0.08708    0.50050
   0.80209    0.52159
   0.98914    0.09017
   0.06695    0.90467
   0.93940    0.88439
   0.01818    0.43899
   0.68384    0.78172
   0.78374    0.14847
