   0.78327    0.50094
   0.11393    0.33200
   0.97856    0.17388
   0.84860    0.62564
   0.05065    0.57513
   0.46620    0.75099
   0.32565    0.15352
   0.63021    0.35679
   0.23030    0.14395
   0.57988    0.85061
   0.60316    0.33787
   0.59988    0.27520
   0.44843    0.00601
   0.03542    0.80191
   0.51381    0.49741
   0.40773    0.53784
   0.10805    0.87091
   0.45988    0.72284
   0.45088    0.66809
   0.55114    0.17883
   0.80540    0.55050
   0.70085    0.95988
   0.87224    0.59602
   0.05219    0.80857
   0.21968    0.98453
   0.45964    0.88592
   0.95853    0.21384
   0.79005    0.03463
   0.45187    0.45112
   0.33343    0.01379
   0.05910    0.47371
   0.74091    0.95120
   0.50679    0.24895
   0.19993    0.38642
   0.42719    0.43143
   0.16869    0.83089
   0.75169    0.82465
   0.36835    0.45300
   0.94182    0.38056
   0.01717    0.92587
   0.82906    0.74084
   0.62659    0.73763
   0.53875    0.94692
   0.65051    0.51010
   0.72663    0.79188
   0.09449    0.45217
   0.87757    0.84920
   0.01436    0.39043
   0.29430    0.73838
   0.17991    0.97644
   0.92629    0.52330
   0.06818    0.42992
   0.58109    0.20716
   0.63715    0.32340
   0.65127    0.11087
   0.86462    0.37521
   0.05595    0.32990
   0.81686    0.34211
   0.52892    0.81712
   0.69435    0.53169
   0.21240    0.52112
   0.54328    0.77431
   0.70252    0.12026
   0.95643    0.62545
   0.44454    0.34665
   0.08540    0.33462
   0.05734    0.57462
   0.62945    0.86394
   0.79618    0.19856
   0.69119    0.67245
   0.34531    0.90183
   0.94682    0.19916
   0.52019    0.29828
   0.95381    0.49652
   0.07360    0.88990
   0.20703    0.50141
   0.77503    0.27700
   0.91419    0.53396
   0.78255    0.57425
   0.29553    0.41280
   0.15185    0.01476
   0.84791    0.70276
   0.78485    0.50675
   0.27083    0.38127
   0.22781    0.06493
   0.32102    0.35858
   0.82956    0.23425
   0.82218    0.20350
   0.57068    0.81378
   0.57183    0.39343
   0.28602    0.05358
   0.69913    0.37505
   0.79626    0.77499
   0.44159    0.16530
   0.44622    0.91222
   0.46566    0.31921
   0.27904    0.32978
   0.67538    0.20424
   0.90366    0.76721
   0.90853    0.06997
   0.74720    0.95003
   0.26051    0.15821
   0.68964    0.28645
   0.13183    0.68713
   0.12350    0.14115
   0.19090    0.51209
   0.14573    0.72133
   0.58504    0.92885
   0.07336    0.73210
   0.82233    0.74985
   0.72290    0.40732
   0.92586    0.23949
   0.49264    0.52085
   0.65488    0.21908
   0.89012    0.84239
   0.53853    0.66293
   0.28221    0.81624
   0.97596    0.79388
   0.03643    0.46911
   0.32624    0.30952
   0.97301    0.68758
   0.36503    0.98685
   0.30915    0.76993
   0.12091    0.82958
   0.91577    0.70608
   0.13548    0.59534
   0.33212    0.75287
   0.89748    0.49672
   0.49965    0.86513
   0.61529    0.06803
   0.58313    0.96855
   0.69825    0.09876
   0.02933    0.54698
   0.52788    0.40297
   0.03207    0.10704
   0.82714    0.72417
   0.33999    0.61368
   0.84671    0.78297
   0.24607    0.56662
   0.58149    0.81132
   0.93768    0.57678
   0.04779    0.94403
   0.05398    0.87145
   0.02062    0.50760
   0.68148    0.78882
   0.59863    0.47303
   0.11403    0.82880
   0.79625    0.32248
   0.61785    0.97615
   0.07021    0.27821
   0.06928    0.07283
   0.13601    0.75122
   0.78889    0.83119
   0.09240    0.92234
   0.23787    0.32702
   0.24365    0.80407
   0.10482    0.53825
   0.85835    0.46329
   0.69820    0.82075
   0.73374    0.95191
   0.65053    0.07627
   0.51627    0.70867
   0.32639    0.23493
   0.66178    0.39890
   0.11757    0.26812
   0.14782    0.83251
   0.01976    0.99537
   0.96429    0.64975
   0.97037    0.70395
   0.12386    0.93230
   0.46741    0.68765
   0.65669    0.56835
   0.29019    0.38085
   0.75454    0.63458
   0.55812    0.36323
   0.42779    0.40762
   0.26719    0.36870
   0.75374    0.46840
   0.89838    0.50341
   0.72844    0.91054
   0.40683    0.20643
   0.93832    0.33860
   0.25543    0.57413
   0.53316    0.48693
   0.95475    0.26222
   0.26775    0.57959
   0.25008    0.87833
   0.92767    0.06095
   0.06858    0.44088
   0.29940    0.08426
   0.59158    0.56324
   0.20330    0.53931
   0.63588    0.76806
   0.79837    0.23309
   0.50170    0.58736
   0.65081    0.45897
   0.79595    0.86098
   0.23337    0.66084
   0.60084    0.35388
   0.11246    0.34719
   0.51577    0.25372
   0.83784    0.95253
   0.92079    0.29820
   0.49823    0.15841
   0.27761    0.36130
   0.65252    0.74163
   0.91730    0.70590
   0.50984    0.70089
   0.97419    0.00623
   0.19728    0.37435
   0.11118    0.90150
   0.29735    0.31834
   0.39642    0.59708
   0.42076    0.29780
   0.31148    0.12501
   0.69384    0.38836
   0.09187    0.81769
   0.40209    0.98118
   0.29518    0.86199
   0.30650    0.08382
   0.10556    0.33771
   0.59383    0.23613
   0.28273    0.31781
   0.15522    0.98445
   0.00066    0.54825
   0.28360    0.74925
   0.55081    0.84185
   0.87090    0.16689
   0.04225    0.90310
   0.90472    0.10512
   0.13097    0.74509
   0.83373    0.72937
   0.80047    0.71747
   0.91788    0.13343
   0.13730    0.44579
   0.50473    0.50879
   0.40496    0.53049
   0.17357    0.85972
   0.57518    0.67772
   0.60622    0.80584
   0.21445    0.53124
   0.51993    0.95590
   0.98919    0.06668
   0.48992    0.54152
   0.69487    0.28166
   0.41142    0.48090
   0.03478    0.68486
   0.29283    0.20826
   0.80144    0.60816
   0.34650    0.32618
   0.08332    0.88085
   0.51111    0.13339
   0.36683    0.10241
   0.73948    0.95912
   0.52474    0.15290
   0.80452    0.15254
   0.81691    0.15555
   0.18947    0.08957
   0.12369    0.45442
   0.82100    0.66890
   0.63790    0.83130
   0.01612    0.79024
   0.89595    0.71271
   0.51538    0.47260
   0.54452    0.70859
   0.60644    0.95806
   0.76044    0.50578
   0.85535    0.30505
   0.38287    0.78981
   0.08465    0.23639
   0.73387    0.23430
   0.33199    0.46470
   0.83975    0.61939
   0.37172    0.61533
   0.82822    0.12262
   0.17652    0.12379
   0.12952    0.28446
   0.87988    0.73573
   0.04408    0.41131
   0.68672    0.82898
   0.73377    0.93511
   0.43717    0.39907
   0.37984    0.05221
   0.97966    0.57119
   0.39899    0.74767
   0.44019    0.32024
   0.15681    0.49293
   0.32603    0.22165
   0.31406    0.93927
   0.89450    0.48231
   0.24702    0.54000
   0.31068    0.22106
   0.40887    0.09595
   0.70801    0.06017
   0.14364    0.81951
   0.87132    0.77148
   0.08316    0.19570
   0.46174    0.89512
   0.03039    0.68430
   0.75320    0.65685
   0.70004    0.99038
   0.21451    0.03369
   0.67990    0.42425
   0.55729    0.48998
   0.85068    0.58350
   0.55857    0.08327
   0.90177    0.66015
   0.41952    0.05231
   0.35813    0.55683
   0.48899    0.71203
   0.25596    0.48791
   0.92917    0.61760
   0.46676    0.21378
   0.25401    0.64566
   0.43122    0.38064
   0.70253    0.10371
   0.40233    0.37751
   0.18184    0.26286
   0.85625    0.24129
   0.58420    0.62292
   0.37358    0.52293
   0.22169    0.41324
   0.21899    0.21779
   0.52223    0.85855
   0.43342    0.86101
   0.74130    0.28394
   0.07045    0.61539
   0.84733    0.77949
   0.67988    0.95485
   0.13665    0.91960
   0.85840    0.38482
   0.19983    0.16264
   0.60734    0.79675
   0.54304    0.11382
   0.16232    0.15882
   0.00565    0.35583
   0.77149    0.84776
   0.76479    0.58278
   0.42107    0.58618
   0.05681    0.92584
   0.58575    0.57508
   0.17416    0.00998
   0.72861    0.80938
   0.53429    0.60881
   0.25306    0.47991
   0.91706    0.26844
   0.75819    0.25810
   0.88703    0.48101
   0.06880    0.22734
   0.18353    0.04860
   0.73707    0.16924
   0.69671    0.25845
   0.77699    0.19791
   0.50190    0.60569
   0.42550    0.82370
   0.61124    0.81061
   0.85577    0.80224
   0.67080    0.70811
   0.52359    0.85938
   0.29882    0.78108
   0.70397    0.20380
   0.38161    0.99334
   0.56768    0.09362
   0.88786    0.65062
   0.84295    0.21518
   0.89880    0.24387
   0.93900    0.33969
   0.81544    0.19786
   0.00136    0.50683
   0.00309    0.95076
   0.08747    0.39461
   0.26073    0.58446
   0.02280    0.60654
   0.42408    0.71464
   0.34106    0.40154
   0.54135    0.85869
   0.92617    0.92048
   0.29850    0.75084
   0.33808    0.28559
   0.85948    0.79682
   0.34048    0.14277
   0.13812    0.50455
   0.50780    0.61069
   0.85666    0.70380
   0.38431    0.38334
   0.69569    0.72868
   0.62790    0.88728
   0.45039    0.05585
   0.47362    0.13822
   0.94971    0.86306
   0.08350    0.42175
   0.27983    0.41131
   0.44701    0.95914
   0.58757    0.75025
   0.87763    0.98100
   0.46910    0.23352
   0.43742    0.09623
   0.74618    0.38458
   0.46791    0.50027
   0.86083    0.57026
   0.46651    0.97663
   0.49810    0.49286
   0.48743    0.40088
   0.22947    0.99499
   0.08555    0.26100
   0.06738    0.66532
   0.88839    0.96426
   0.23317    0.67115
   0.86160    0.29917
   0.71174    0.53113
   0.87281    0.00146
   0.93800    0.88379
   0.13969    0.40438
   0.39390    0.30121
   0.98056    0.95058
   0.64479    0.46065
   0.89641    0.28765
   0.48223    0.08463
   0.01409    0.58218
   0.62288    0.15307
   0.23110    0.07309
   0.52743    0.58056
   0.72499    0.28701
   0.60742    0.36192
   0.58837    0.72482
   0.43343    0.85831
   0.24417    0.34792
   0.42896    0.96175
   0.01018    0.95357
   0.60882    0.20604
   0.95798    0.76824
   0.09545    0.61553
   0.03559    0.91892
   0.88624    0.60254
   0.24694    0.70214
   0.00892    0.74367
   0.81492    0.38510
   0.14050    0.25150
   0.87987    0.03676
   0.09538    0.47212
   0.35256    0.64507
   0.59342    0.27897
   0.58518    0.51786
   0.66768    0.24567
   0.64803    0.29751
   0.43337    0.65047
   0.13976    0.89139
   0.75193    0.86111
   0.24179    0.20992
   0.65046    0.39909
   0.85737    0.88788
   0.08437    0.25653
   0.97209    0.96680
   0.03146    0.61916
   0.83540    0.16535
   0.83571    0.82620
   0.04986    0.65569
   0.54589    0.54645
   0.94317    0.25133
   0.32147    0.04016
   0.80647    0.23338
   0.60140    0.36111
   0.78962    0.63346
   0.79919    0.98610
   0.04956    0.20716
   0.28320    0.75708
   0.65346    0.88633
   0.48966    0.47223
   0.97285    0.15891
   0.74849    0.81092
   0.56784    0.47651
   0.29896    0.11629
   0.25611    0.87572
   0.88656    0.63519
   0.44680    0.09728
   0.81599    0.90844
   0.09834    0.03502
   0.85959    0.03975
   0.02763    0.98857
   0.89916    0.68618
   0.89994    0.37669
   0.52411    0.50432
   0.12020    0.76350
   0.17779    0.04887
   0.70611    0.72593
   0.83136    0.70133
   0.03483    0.45889
   0.75784    0.58229
   0.95711    0.33909
   0.34287    0.17063
   0.63824    0.39919
   0.34301    0.91978
   0.21647    0.22605
   0.78620    0.36101
   0.72309    0.32456
   0.27884    0.08358
   0.58243    0.51267
   0.42101    0.83286
   0.09207    0.90461
   0.02403    0.72360
   0.49115    0.38300
   0.27827    0.29802
   0.33976    0.69171
   0.28735    0.88046
   0.17090    0.92455
   0.39926    0.08125
   0.69765    0.48267
   0.20368    0.12827
   0.66633    0.25291
   0.44307    0.88396
   0.43330    0.19628
   0.17524    0.12135
   0.19320    0.54369
   0.61642    0.31462
   0.26901    0.38204
   0.55968    0.79154
   0.94478    0.83918
   0.71447    0.68024
   0.67922    0.41692
   0.95938    0.64289
   0.77533    0.21408
   0.60773    0.61727
   0.94800    0.67519
   0.05964    0.60102
   0.26871    0.34631
   0.98668    0.36440
   0.77221    0.17148
   0.47535    0.79536
   0.68090    0.49267
   0.41693    0.35462
   0.38015    0.77506
   0.21327    0.23680
   0.38294    0.84483
   0.02967    0.81653
   0.47232    0.84623
   0.33337    0.37019
   0.97584    0.38323
   0.55544    0.86133
   0.84630    0.46391
   0.40806    0.57055
   0.46202    0.69531
   0.82631    0.96092
   0.99120    0.54631
   0.52395    0.63658
   0.92544    0.57089
   0.73902    0.92711
   0.56743    0.86377
   0.96878    0.16984
   0.82450    0.17870
   0.95961    0.24350
   0.64635    0.75178
   0.37957    0.19913
   0.47657    0.98294
   0.91189    0.70964
   0.01485    0.17544
   0.15669    0.85830
   0.47157    0.90941
   0.54299    0.96166
   0.05969    0.57060
   0.65803    0.56288
   0.88964    0.17666
   0.10963    0.51368
   0.43777    0.54847
   0.28023    0.16528
   0.98525    0.49389
   0.60876    0.53512
   0.25375    0.19881
   0.13261    0.62317
   0.54500    0.02632
   0.82780    0.31879
   0.83701    0.53300
   0.83335    0.32677
   0.20372    0.60219
   0.54442    0.36193
   0.87494    0.13492
   0.12100    0.91381
   0.85635    0.64056
   0.89978    0.65877
   0.21787    0.67533
   0.07698    0.74456
   0.47422    0.84218
   0.83503    0.51666
   0.46939    0.15187
   0.41377    0.38066
   0.50275    0.82102
   0.12544    0.17136
   0.13229    0.32998
   0.87048    0.96647
   0.60295    0.80629
   0.26530    0.22219
   0.86480    0.99977
   0.05811    0.06374
   0.45775    0.42548
   0.72221    0.40434
   0.33900    0.40029
   0.40122    0.11192
   0.52698    0.42431
   0.89424    0.61355
   0.77836    0.98806
   0.06937    0.21990
   0.27878    0.35408
   0.37937    0.26624
   0.86467    0.29150
   0.41996    0.18839
   0.23988    0.02286
   0.59765    0.44940
   0.47940    0.24364
   0.89855    0.86873
   0.93471    0.52861
   0.81789    0.91414
   0.70891    0.97393
   0.74322    0.58543
   0.89971    0.11898
   0.06524    0.92653
   0.33591    0.59356
   0.00434    0.88362
   0.82810    0.42448
   0.50744    0.60726
   0.36616    0.07076
   0.22664    0.92477
   0.53483    0.64208
   0.28948    0.10450
   0.06837    0.70023
   0.08497    0.39580
   0.06834    0.08490
   0.40982    0.21448
   0.12338    0.24880
   0.44302    0.22665
   0.89894    0.70300
   0.35364    0.75415
   0.12018    0.54729
   0.56911    0.55348
   0.87503    0.63057
   0.34857    0.98546
   0.04192    0.63428
   0.14234    0.60046
   0.07659    0.90919
   0.74053    0.57084
   0.45653    0.33542
   0.66825    0.95714
   0.69925    0.43992
   0.57136    0.60154
   0.62869    0.72026
   0.87776    0.67878
   0.66235    0.21276
   0.87541    0.08162
   0.46752    0.27448
   0.14134    0.86752
   0.06813    0.55936
   0.71424    0.46463
   0.30799    0.43030
   0.67116    0.77399
   0.65242    0.65392
   0.53105    0.65773
   0.71511    0.16102
   0.50481    0.43238
   0.48800    0.50509
   0.49784    0.37533
   0.93598    0.48037
   0.38928    0.34242
   0.11715    0.77715
   0.24042    0.38394
   0.68491    0.71156
   0.83925    0.48093
   0.97014    0.72918
   0.21517    0.93756
   0.76034    0.51725
   0.58410    0.90307
   0.40295    0.21819
   0.51004    0.87322
   0.49564    0.08269
   0.65137    0.46540
   0.74371    0.02193
   0.30195    0.80828
   0.08961    0.17921
   0.82597    0.16539
   0.38959    0.18160
   0.77530    0.69144
   0.17937    0.21376
   0.10936    0.29810
   0.90516    0.76834
   0.87635    0.50115
   0.99979    0.90946
   0.86425    0.05785
   0.03688    0.43675
   0.54468    0.57225
   0.99762    0.56507
   0.51101    0.82382
   0.87351    0.12610
   0.07022    0.30012
   0.98754    0.00212
   0.92271    0.95111
   0.56426    0.76630
   0.43146    0.75130
   0.33784    0.13886
   0.72072    0.34932
   0.01366    0.15134
   0.37406    0.49672
   0.92269    0.80865
   0.54648    0.63287
   0.47389    0.68840
   0.49654    0.63957
   0.30897    0.72932
   0.95084    0.85985
   0.98199    0.62696
   0.51356    0.18059
   0.99259    0.57331
   0.45584    0.16357
   0.42604    0.90605
   0.21321    0.07734
   0.19325    0.33853
   0.83275    0.58062
   0.72664    0.47524
   0.52975    0.80532
   0.82908    0.53078
   0.51187    0.22731
   0.55196    0.70948
   0.21328    0.14863
   0.58782    0.65812
   0.14276    0.63398
   0.05222    0.22931
   0.68331    0.18223
   0.60856    0.16635
   0.21966    0.14961
   0.40628    0.20275
   0.62991    0.95496
   0.55531    0.01591
   0.12758    0.95751
   0.16920    0.02569
   0.00100    0.97111
   0.41816    0.29760
   0.48849    0.52507
   0.15987    0.86234
   0.66684    0.89640
   0.01792    0.18901
   0.11968    0.66072
   0.95213    0.94123
   0.97585    0.97571
   0.03091    0.10794
   0.49388    0.17890
   0.86272    0.74655
   0.24288    0.04947
   0.83427    0.07128
   0.81359    0.48913
   0.62897    0.84989
   0.00224    0.99704
   0.37972    0.00439
   0.90441    0.54261
   0.68035    0.86135
   0.37882    0.90914
   0.63195    0.84535
   0.24327    0.87887
   0.57141    0.74618
   0.98173    0.11749
   0.84968    0.50902
   0.28344    0.16883
   0.68246    0.83111
   0.35812    0.92801
   0.98693    0.16948
   0.08399    0.88374
   0.25031    0.38786
   0.81135    0.38257
   0.08442    0.27145
   0.53125    0.86788
   0.80062    0.74150
   0.73882    0.44787
   0.14166    0.70964
   0.43789    0.94433
   0.35038    0.17412
   0.47850    0.24460
   0.58740    0.64093
   0.14581    0.80861
   0.90533    0.85337
   0.64019    0.39812
   0.16294    0.11549
   0.56591    0.08028
   0.93162    0.36047
   0.78310    0.82891
   0.68569    0.21461
   0.46622    0.79104
   0.26032    0.65469
   0.56927    0.02615
   0.24877    0.78578
   0.31930    0.92256
   0.91080    0.49231
   0.88522    0.83401
   0.79459    0.13135
   0.92581    0.75978
   0.17884    0.92574
   0.51754    0.83271
   0.62701    0.25940
   0.91318    0.21302
   0.66397    0.52231
   0.38919    0.39736
   0.74001    0.47911
   0.81763    0.99390
   0.60034    0.60448
   0.08500    0.94491
   0.92236    0.49044
   0.05360    0.43795
   0.52702    0.77266
   0.11885    0.74407
   0.38014    0.44290
   0.81283    0.05300
   0.24410    0.08782
   0.88442    0.79799
   0.71265    0.65558
   0.37815    0.03234
   0.24892    0.55707
   0.25285    0.71980
   0.76724    0.11041
   0.04986    0.21665
   0.68529    0.81102
   0.62028    0.13866
   0.74668    0.88190
   0.97726    0.92356
   0.38391    0.01276
   0.26021    0.37716
   0.87747    0.16781
   0.80610    0.54022
   0.46112    0.10166
   0.09096    0.03927
   0.56427    0.93323
   0.18738    0.97159
   0.53169    0.36093
   0.35503    0.64421
   0.31478    0.06795
   0.72674    0.20791
   0.51577    0.03960
   0.79064    0.46936
   0.20449    0.15010
   0.67811    0.99131
   0.05249    0.42706
   0.80117    0.95537
   0.67857    0.72425
   0.94601    0.58089
   0.09156    0.54026
   0.90844    0.70544
   0.50995    0.00503
   0.61490    0.78252
   0.31607    0.92686
   0.07749    0.00830
   0.85061    0.82463
   0.14453    0.76734
   0.37049    0.99714
   0.62239    0.22765
   0.99755    0.91954
   0.51734    0.64200
   0.99051    0.10532
   0.22653    0.26816
   0.39801    0.76384
   0.69657    0.80551
   0.06464    0.10425
   0.74766    0.46976
   0.42040    0.21906
   0.81132    0.92271
   0.37961    0.32032
   0.31907    0.85754
   0.98605    0.25985
   0.71818    0.87806
   0.41318    0.18827
   0.09863    0.75919
   0.73456    0.03169
   0.63731    0.64234
   0.07384    0.56687
   0.12051    0.37641
   0.98160    0.21255
   0.49680    0.79216
   0.02241    0.14544
   0.05383    0.48914
   0.14087    0.01285
   0.89347    0.18661
   0.46582    0.48523
   0.56086    0.83823
   0.49446    0.14106
   0.06779    0.73222
   0.89765    0.69107
   0.28857    0.03449
   0.26905    0.48886
   0.59419    0.97139
   0.47588    0.11245
   0.36831    0.74321
   0.65561    0.63854
   0.93820    0.59418
   0.62043    0.49862
   0.28284    0.56785
   0.20518    0.42650
   0.43913    0.07624
   0.02725    0.29059
   0.87618    0.56134
   0.61009    0.63333
   0.20359    0.93078
   0.51992    0.97777
   0.05382    0.09360
   0.86219    0.66173
   0.44293    0.60277
   0.54801    0.47382
   0.56686    0.35626
   0.68039    0.47558
   0.37138    0.67102
   0.07823    0.95965
   0.45635    0.08908
   0.04784    0.79774
   0.73826    0.59078
   0.03800    0.91220
   0.95424    0.10113
   0.74237    0.29329
   0.93745    0.05159
   0.51336    0.50413
   0.24090    0.76838
   0.25997    0.28299
   0.75897    0.22536
   0.99334    0.33129
   0.35671    0.45325
   0.75286    0.73738
   0.11005    0.50989
   0.59705    0.38251
   0.43060    0.90548
   0.73072    0.96526
   0.26118    0.62827
   0.09481    0.13203
   0.45096    0.61830
   0.64007    0.38302
   0.13204    0.99119
   0.45282    0.28683
   0.65220    0.70619
   0.82700    0.53521
   0.30808    0.19321
   0.40236    0.68944
   0.88423    0.05046
   0.70058    0.18443
   0.24187    0.04566
   0.75983    0.88504
   0.29093    0.83979
   0.27744    0.11816
   0.00611    0.41041
   0.37471    0.12023
   0.43693    0.57209
   0.30430    0.94939
   0.29086    0.25639
   0.24252    0.98987
   0.93668    0.34981
   0.86019    0.20852
   0.39723    0.66583
   0.47942    0.97334
   0.56500    0.62270
   0.48962    0.06354
   0.26981    0.37351
   0.98974    0.16625
   0.18368    0.23128
   0.86166    0.05221
   0.03263    0.90176
   0.33196    0.79329
   0.74875    0.37301
   0.64437    0.83205
   0.16924    0.75383
   0.95221    0.62186
   0.54327    0.39409
   0.25141    0.35928
   0.57857    0.08885
   0.91548    0.34168
   0.89560    0.54867
   0.48251    0.46055
   0.44274    0.64545
   0.31175    0.51352
   0.05531    0.81443
   0.75379    0.09718
   0.13195    0.46371
   0.35592    0.58982
   0.39587    0.18717
   0.88552    0.61133
   0.02124    0.05194
   0.84408    0.57573
   0.28807    0.84234
   0.25034    0.49973
   0.48838    0.43902
   0.72904    0.14906
   0.20262    0.02828
   0.21628    0.75667
   0.97633    0.79611
   0.59324    0.29356
   0.30440    0.11521
   0.96770    0.37509
   0.89597    0.82889
   0.19003    0.84178
   0.00180    0.66524
   0.71176    0.96014
   0.86773    0.94312
   0.11831    0.11270
   0.03902    0.64829
   0.59819    0.48080
   0.60431    0.06652
   0.51643    0.89777
   0.00751    0.49723
   0.68893    0.77130
   0.94602    0.06036
   0.87354    0.26246
   0.11328    0.65107
   0.35457    0.13360
   0.24194    0.63855
   0.56033    0.38494
   0.61273    0.76570
   0.30081    0.65292
   0.79814    0.38149
   0.79564    0.30002
   0.78109    0.34014
   0.35110    0.91893
   0.05430    0.45627
   0.70870    0.44250
   0.99293    0.45419
   0.16248    0.94528
   0.11357    0.21912
   0.91288    0.88240
   0.48166    0.01988
   0.85181    0.34176
   0.80991    0.76603
   0.18676    0.34280
   0.24720    0.61881
   0.05419    0.45302
   0.60896    0.01016
   0.77723    0.59908
   0.51106    0.60157
   0.02775    0.64942
   0.99039    0.34272
