   0.49330    0.13371
   0.70177    0.41923
   0.88780    0.50686
   0.05506    0.32432
   0.09836    0.68469
   0.64978    0.44309
   0.76407    0.43566
   0.98796    0.79302
   0.12532    0.81556
   0.36448    0.75211
   0.67623    0.78926
   0.37576    0.50127
   0.86346    0.55518
   0.29198    0.63075
   0.13347    0.09799
   0.67265    0.24568
   0.20258    0.61573
   0.86852    0.30496
   0.75116    0.76697
   0.41938    0.26723
   0.00023    0.03951
   0.14946    0.29656
   0.27383    0.55636
   0.87243    0.96907
   0.60125    0.68912
   0.32119    0.71788
   0.28429    0.55903
   0.43532    0.53335
   0.90376    0.87572
   0.92511    0.39310
   0.50529    0.45807
   0.62758    0.20825
   0.71926    0.75727
   0.02391    0.54669
   0.57493    0.35739
   0.04653    0.70100
   0.42253    0.10922
   0.46773    0.00661
   0.02263    0.59730
   0.06507    0.65918
   0.92396    0.58001
   0.53414    0.90995
   0.36680    0.63601
   0.36395    0.52556
   0.15137    0.25962
   0.14961    0.05117
   0.35080    0.73195
   0.33597    0.16429
   0.78403    0.28040
   0.48674    0.25943
   0.46480    0.54710
   0.13125    0.54127
   0.88639    0.78811
   0.67456    0.86961
   0.83516    0.78754
   0.65649    0.96943
   0.98392    0.18047
   0.97979    0.93060
   0.25015    0.04515
   0.62457    0.24065
   0.72824    0.00886
   0.49817    0.67159
   0.84983    0.90481
   0.19092    0.57242
   0.12414    0.15546
   0.00279    0.50237
   0.15295    0.56773
   0.53416    0.18827
   0.51063    0.32420
   0.38522    0.71604
   0.31060    0.55293
   0.00356    0.14228
   0.81524    0.38036
   0.63842    0.39657
   0.44834    0.57674
   0.24409    0.01940
   0.80339    0.57758
   0.82397    0.93220
   0.85219    0.10687
   0.46725    0.73215
   0.97070    0.97052
   0.84124    0.60889
   0.07855    0.71967
   0.23760    0.30275
   0.81757    0.45902
   0.40583    0.04803
   0.46631    0.38535
   0.95154    0.36172
   0.96501    0.28758
   0.76528    0.81671
   0.57453    0.45053
   0.91593    0.80663
   0.49543    0.79017
   0.16601    0.28296
   0.32600    0.06831
   0.29644    0.05493
   0.55830    0.63752
   0.06748    0.42429
   0.06898    0.90553
   0.16678    0.41732
   0.94744    0.15406
   0.81109    0.54000
   0.71046    0.93709
   0.97025    0.66096
   0.99843    0.39466
   0.98745    0.25899
   0.15009    0.84791
   0.95848    0.94506
   0.53046    0.37700
   0.07409    0.06728
   0.31182    0.18158
   0.89517    0.57575
   0.83477    0.18589
   0.00235    0.29145
   0.64021    0.46166
   0.80318    0.34698
   0.24513    0.31817
   0.06412    0.45991
   0.26315    0.23589
   0.10272    0.02775
   0.48372    0.65845
   0.41888    0.15880
   0.38129    0.80266
   0.88677    0.40858
   0.42056    0.32739
   0.28385    0.74601
   0.04818    0.74635
   0.21917    0.17395
   0.23918    0.11754
   0.02926    0.17404
   0.70231    0.62741
   0.00764    0.84189
   0.61092    0.51008
   0.40809    0.16576
   0.24895    0.71431
   0.65246    0.90704
   0.32028    0.21854
   0.10367    0.87096
   0.53556    0.21184
   0.16487    0.83666
   0.88344    0.85930
   0.66646    0.52338
   0.84774    0.47736
   0.76266    0.88988
   0.80701    0.06508
   0.63295    0.50946
   0.71043    0.62080
   0.68866    0.73357
   0.32095    0.23000
   0.53165    0.02187
   0.87319    0.13899
   0.05454    0.76951
   0.50040    0.96977
   0.43276    0.38679
   0.90428    0.99343
   0.63018    0.32639
   0.98304    0.13716
   0.58520    0.38475
   0.84064    0.56264
   0.46881    0.63384
   0.54522    0.54161
   0.17910    0.31499
   0.63446    0.15933
   0.96296    0.15262
   0.53401    0.13695
   0.47961    0.70980
   0.79367    0.46486
   0.09271    0.11327
   0.88080    0.70088
   0.00387    0.17999
   0.51153    0.80367
   0.67846    0.51396
   0.56575    0.54844
   0.47846    0.20784
   0.32051    0.78459
   0.60158    0.52649
   0.91315    0.57102
   0.68252    0.42204
   0.94673    0.72116
   0.09909    0.07314
   0.51103    0.59486
   0.11013    0.86198
   0.54526    0.44880
   0.68879    0.65258
   0.14742    0.30347
   0.77756    0.60744
   0.39905    0.27890
   0.89830    0.79956
   0.30704    0.79617
   0.06105    0.95409
   0.21947    0.44434
   0.08283    0.45688
   0.95040    0.59982
   0.01637    0.84262
   0.11467    0.03120
   0.01241    0.18727
   0.21623    0.94359
   0.01143    0.94792
   0.64245    0.45298
   0.51699    0.81083
   0.24554    0.92888
   0.19375    0.67272
   0.09087    0.37233
   0.36844    0.40570
   0.00779    0.43882
   0.60270    0.67865
   0.47885    0.46507
   0.30812    0.95326
   0.74444    0.35470
   0.83935    0.33902
   0.26243    0.89586
   0.51424    0.54543
   0.44677    0.74928
   0.34121    0.12488
   0.83914    0.45323
   0.98249    0.07475
   0.62646    0.66334
   0.18128    0.70365
   0.12302    0.91895
   0.57997    0.66007
   0.32854    0.69010
   0.26819    0.85372
   0.55024    0.46790
   0.18052    0.45848
   0.67849    0.80610
   0.05569    0.82477
   0.03406    0.19044
   0.28652    0.02567
   0.07739    0.05681
   0.90057    0.14294
   0.84661    0.17142
   0.39570    0.62584
   0.16922    0.02952
   0.43045    0.47233
   0.41622    0.67844
   0.72876    0.11479
   0.40647    0.23606
   0.95181    0.28908
   0.91199    0.17276
   0.95141    0.32371
   0.34600    0.80111
   0.29024    0.29963
   0.88670    0.77563
   0.21003    0.55277
   0.13088    0.55469
   0.52052    0.73065
   0.90546    0.77362
   0.40253    0.90085
   0.21576    0.13817
   0.07874    0.79408
   0.93306    0.18941
   0.60287    0.02897
   0.37749    0.12739
   0.66493    0.13374
   0.79219    0.12831
   0.33349    0.93526
   0.69266    0.27323
   0.20382    0.94268
   0.95871    0.63815
   0.71183    0.87253
   0.16691    0.36707
   0.44278    0.23620
   0.63299    0.18732
   0.92997    0.54565
   0.52933    0.25512
   0.62647    0.30582
   0.68082    0.01555
   0.92320    0.58749
   0.15283    0.96256
   0.40572    0.84985
   0.31248    0.00794
   0.69390    0.63403
   0.89069    0.35929
   0.49067    0.11406
   0.80582    0.54082
   0.32644    0.41642
   0.54988    0.51710
   0.38878    0.88612
   0.89683    0.14940
   0.67612    0.43468
   0.82840    0.05904
   0.11009    0.38103
   0.27923    0.72237
   0.76764    0.09512
   0.21606    0.66719
   0.03406    0.29640
   0.43655    0.59856
   0.93686    0.15185
   0.26209    0.43638
   0.56975    0.01268
   0.35955    0.22902
   0.02684    0.26368
   0.50042    0.51139
   0.82701    0.21508
   0.25898    0.34611
   0.04589    0.74782
   0.24647    0.41362
   0.66073    0.05575
   0.32941    0.39003
   0.65950    0.47448
   0.01300    0.82532
   0.71807    0.30364
   0.39112    0.82179
   0.03351    0.56568
   0.40602    0.05438
   0.71631    0.26001
   0.92134    0.58910
   0.98402    0.47973
   0.98342    0.19865
   0.89631    0.23901
   0.86570    0.78019
   0.80096    0.61731
   0.55498    0.14413
   0.41887    0.71613
   0.12712    0.40151
   0.65462    0.46239
   0.86396    0.70728
   0.27460    0.40121
   0.84016    0.01439
   0.07076    0.07464
   0.37879    0.59107
   0.26817    0.44600
   0.15292    0.92662
   0.63100    0.09489
   0.31637    0.37542
   0.95911    0.54600
   0.49867    0.11168
   0.73861    0.90446
   0.01276    0.63328
   0.60535    0.90541
   0.57645    0.63055
   0.80738    0.01423
   0.65497    0.31648
   0.87823    0.11187
   0.90237    0.62946
   0.15223    0.06071
   0.19258    0.67399
   0.79098    0.47744
   0.06071    0.30555
   0.38983    0.51633
   0.29997    0.70703
   0.73418    0.81361
   0.10421    0.31581
   0.79258    0.31130
   0.78273    0.34498
   0.53240    0.66630
   0.25335    0.86107
   0.07095    0.76178
   0.62580    0.87584
   0.02468    0.87124
   0.06204    0.17279
   0.12961    0.85022
   0.45061    0.95959
   0.67234    0.77021
   0.85611    0.87502
   0.49845    0.06741
   0.04878    0.64679
   0.31383    0.32410
   0.64163    0.64035
   0.78639    0.87975
   0.28915    0.37364
   0.49787    0.76674
   0.81843    0.16809
   0.59513    0.51972
   0.53642    0.62746
   0.33087    0.71391
   0.41169    0.30640
   0.79401    0.26369
   0.34321    0.91600
   0.46261    0.61503
   0.36782    0.09318
   0.67957    0.62770
   0.56778    0.19203
   0.65178    0.77696
   0.49111    0.86450
   0.39846    0.33358
   0.47748    0.13541
   0.06659    0.76547
   0.41103    0.31861
   0.96909    0.25238
   0.78072    0.20007
   0.72902    0.06901
   0.76565    0.55191
   0.75658    0.40381
   0.84327    0.75012
   0.77016    0.48718
   0.97866    0.38479
   0.11136    0.06141
   0.39608    0.21369
   0.49206    0.54387
   0.25809    0.41064
   0.03697    0.90096
   0.97438    0.05629
   0.72643    0.44351
   0.14796    0.53781
   0.14789    0.13406
   0.70482    0.54095
   0.38099    0.85737
   0.07641    0.19802
   0.41084    0.15561
   0.14299    0.06138
   0.79892    0.66107
   0.93025    0.01860
   0.00472    0.29110
   0.65004    0.97382
   0.67853    0.76464
   0.25362    0.24368
   0.84318    0.68212
   0.29396    0.13785
   0.02686    0.62981
   0.09331    0.85701
   0.79788    0.89980
   0.71140    0.34837
   0.78341    0.48631
   0.62392    0.67952
   0.82542    0.70412
   0.03502    0.46088
   0.40547    0.36427
   0.24967    0.28027
   0.48090    0.07620
   0.88084    0.44462
   0.28068    0.16571
   0.59914    0.39875
   0.02623    0.92058
   0.15520    0.51133
   0.83391    0.91414
   0.19489    0.09193
   0.82979    0.99304
   0.33807    0.09643
   0.67112    0.31315
   0.05237    0.78538
   0.73431    0.60240
   0.49948    0.46591
   0.94330    0.29813
   0.28977    0.13317
   0.37656    0.29501
   0.11376    0.16663
   0.96485    0.31710
   0.43251    0.10984
   0.08456    0.83209
   0.71668    0.97159
   0.50679    0.21827
   0.32809    0.70608
   0.75352    0.03901
   0.83601    0.61630
   0.25372    0.66936
   0.53443    0.03720
   0.43517    0.00333
   0.15770    0.14246
   0.60048    0.86241
   0.93745    0.27604
   0.10776    0.53169
   0.89998    0.52222
   0.55046    0.56762
   0.42736    0.33303
   0.15238    0.41342
   0.24755    0.41435
   0.44737    0.98392
   0.53278    0.05774
   0.35465    0.39654
   0.77311    0.79132
   0.88168    0.59419
   0.73409    0.30956
   0.40643    0.90180
   0.60418    0.09313
   0.64111    0.31903
   0.12747    0.88696
   0.49619    0.65743
   0.31047    0.68452
   0.57857    0.47395
   0.94361    0.14124
   0.42694    0.95092
   0.03313    0.88263
   0.92943    0.43744
   0.92498    0.83496
   0.35831    0.32514
   0.25999    0.36764
   0.78686    0.79484
   0.51158    0.09931
   0.56253    0.95178
   0.68479    0.00147
   0.09240    0.29540
   0.87258    0.04845
   0.94294    0.44274
   0.09659    0.78985
   0.84588    0.91352
   0.90940    0.53325
   0.01134    0.80408
   0.52368    0.56266
   0.65035    0.75088
   0.38515    0.00923
   0.64930    0.47678
   0.76285    0.25033
   0.57569    0.30792
   0.63192    0.96695
   0.27820    0.20880
   0.83984    0.52048
   0.42683    0.22555
   0.63162    0.56720
   0.83347    0.99816
   0.27019    0.13187
   0.40080    0.95468
   0.55425    0.12388
   0.44387    0.18624
   0.09038    0.64650
   0.74438    0.12817
   0.03262    0.08132
   0.42974    0.65923
   0.03726    0.02740
   0.97580    0.98518
   0.52234    0.53933
   0.90963    0.37383
   0.38325    0.70673
   0.88445    0.94741
   0.25502    0.38228
   0.90905    0.69291
   0.89456    0.60207
   0.39852    0.77526
   0.62502    0.59183
   0.56760    0.37618
   0.89451    0.85065
   0.21417    0.22574
   0.00386    0.79696
   0.88058    0.99688
   0.23512    0.28131
   0.24486    0.71038
   0.64092    0.66464
   0.30452    0.41484
   0.82562    0.49827
   0.88369    0.94912
   0.94537    0.95318
   0.39080    0.73292
   0.80132    0.38468
   0.15711    0.04008
   0.62517    0.58293
   0.69899    0.56471
   0.08587    0.35518
   0.53118    0.88020
   0.88857    0.62453
   0.26367    0.62402
   0.23479    0.29574
   0.83966    0.07468
   0.49554    0.29371
   0.15237    0.23474
   0.23077    0.34590
   0.65795    0.84849
   0.56295    0.16036
   0.29183    0.15786
   0.62230    0.50866
   0.71591    0.60330
   0.28073    0.16140
   0.41227    0.63545
   0.36221    0.84394
   0.78139    0.78227
   0.13549    0.26457
   0.90207    0.31470
   0.28964    0.18320
   0.49956    0.44747
   0.78359    0.32668
   0.67706    0.27982
   0.14981    0.93176
   0.69662    0.39969
   0.12901    0.37942
   0.94595    0.59285
   0.88641    0.06851
   0.51500    0.20524
   0.67941    0.72362
   0.97679    0.57515
   0.12546    0.20023
   0.75224    0.84348
   0.82705    0.42373
   0.78143    0.54475
   0.19088    0.52797
   0.42864    0.18511
   0.01446    0.08169
   0.32529    0.46409
   0.13470    0.03055
   0.45052    0.43498
   0.57227    0.55786
   0.79202    0.63878
   0.41974    0.03422
   0.53254    0.70990
   0.92570    0.16932
   0.89908    0.59338
   0.54483    0.60806
   0.90112    0.77236
   0.05183    0.05627
   0.80860    0.85473
   0.33490    0.38428
   0.22868    0.39962
   0.82240    0.32542
   0.34823    0.55539
   0.16547    0.29542
   0.02813    0.36612
   0.95537    0.34905
   0.68029    0.63022
   0.86056    0.66444
   0.93909    0.99210
   0.68019    0.94436
   0.91742    0.35035
   0.25669    0.19300
   0.88562    0.91958
   0.92004    0.28869
   0.30006    0.55086
   0.07339    0.91932
   0.76740    0.09005
   0.08495    0.25770
   0.72876    0.42705
   0.44789    0.57772
   0.65125    0.89952
   0.16950    0.21823
   0.53145    0.96703
   0.63380    0.43398
   0.01410    0.78482
   0.47037    0.52523
   0.88633    0.33128
   0.11403    0.43159
   0.44254    0.71790
   0.65955    0.91621
   0.29477    0.89003
   0.95037    0.13471
   0.69429    0.11991
   0.20681    0.89345
   0.55476    0.65309
   0.87928    0.04028
   0.55786    0.50472
   0.75233    0.89445
   0.89490    0.38573
   0.84184    0.29205
   0.13086    0.23404
   0.18915    0.20095
   0.15364    0.38031
   0.02890    0.59479
   0.00908    0.26839
   0.59645    0.62244
   0.60905    0.80457
   0.91892    0.10397
   0.73357    0.72924
   0.30115    0.64859
   0.49557    0.47465
   0.25816    0.93291
   0.73285    0.09644
   0.11676    0.59911
   0.74604    0.23356
   0.80979    0.03233
   0.74523    0.57986
   0.33714    0.84220
   0.58432    0.55690
   0.46895    0.83988
   0.08727    0.20495
   0.82872    0.62125
   0.68594    0.17402
   0.26733    0.28954
   0.96948    0.01850
   0.18377    0.70150
   0.29994    0.95209
   0.41118    0.74901
   0.23649    0.75673
   0.19506    0.54209
   0.70538    0.28206
   0.18055    0.24487
   0.52233    0.28632
   0.29617    0.96313
   0.46278    0.23070
   0.92523    0.53732
   0.21589    0.20501
   0.00101    0.43404
   0.90661    0.14221
   0.68004    0.37558
   0.51495    0.79356
   0.52207    0.81282
   0.10292    0.90379
   0.99688    0.54038
   0.35897    0.81786
   0.62524    0.70842
   0.39337    0.04321
   0.00766    0.14595
   0.54528    0.23334
   0.50911    0.24670
   0.24678    0.17028
   0.04540    0.23506
   0.84173    0.27546
   0.04825    0.95161
   0.31632    0.34667
   0.78342    0.29732
   0.97240    0.40443
   0.58646    0.30224
   0.77804    0.75731
   0.72770    0.35974
   0.65099    0.12490
   0.66462    0.61718
   0.93878    0.35552
   0.53508    0.36294
   0.39844    0.06849
   0.67046    0.86716
   0.44053    0.45790
   0.13287    0.07762
   0.43920    0.90492
   0.54764    0.28170
   0.39514    0.61388
   0.39827    0.66186
   0.75135    0.20002
   0.52235    0.95999
   0.49043    0.66511
   0.08868    0.54130
   0.25085    0.86897
   0.44756    0.55705
   0.63796    0.02140
   0.70945    0.48268
   0.99262    0.80799
   0.93219    0.73601
   0.09223    0.57230
   0.95354    0.00898
   0.16280    0.71828
   0.97046    0.44943
   0.59701    0.65962
   0.24023    0.75321
   0.07030    0.80474
   0.30004    0.02916
   0.81354    0.77982
   0.07671    0.56735
   0.35447    0.07612
   0.13201    0.25162
   0.15818    0.13345
   0.06215    0.56447
   0.70184    0.54098
   0.08648    0.06892
   0.61679    0.98843
   0.17377    0.25110
   0.65140    0.31547
   0.49870    0.30066
   0.28451    0.04204
   0.83056    0.52790
   0.81836    0.25602
   0.93817    0.40871
   0.00033    0.94751
   0.64039    0.91928
   0.00736    0.12124
   0.10642    0.59194
   0.10679    0.35965
   0.36711    0.71931
   0.23961    0.52355
   0.34614    0.26084
   0.24962    0.49308
   0.38706    0.85584
   0.42104    0.72441
   0.64008    0.19911
   0.78755    0.15729
   0.26999    0.37048
   0.84398    0.86227
   0.74047    0.68476
   0.82610    0.63420
   0.18219    0.14132
   0.06544    0.07930
   0.61035    0.87615
   0.70155    0.42043
   0.11162    0.48766
   0.09582    0.46033
   0.59783    0.51568
   0.81223    0.27199
   0.81458    0.23158
   0.08944    0.89953
   0.73128    0.90870
   0.90386    0.60364
   0.45223    0.36524
   0.07069    0.59859
   0.24128    0.66849
   0.73187    0.89456
   0.04049    0.08734
   0.42452    0.53901
   0.54022    0.42845
   0.95383    0.61715
   0.20891    0.55888
   0.11633    0.22585
   0.64622    0.10452
   0.10841    0.00998
   0.98350    0.05915
   0.24834    0.32265
   0.60636    0.77948
   0.81670    0.33548
   0.83005    0.61957
   0.48904    0.99289
   0.76073    0.64801
   0.91511    0.53978
   0.90097    0.23225
   0.21424    0.73983
   0.54706    0.88899
   0.78471    0.85981
   0.19444    0.59706
   0.74689    0.65475
   0.47556    0.91501
   0.58326    0.43318
   0.26055    0.28976
   0.08482    0.63188
   0.29813    0.29542
   0.91713    0.62203
   0.47052    0.04753
   0.26947    0.99461
   0.76297    0.20676
   0.77217    0.60736
   0.02130    0.34763
   0.87999    0.71774
   0.79817    0.02799
   0.32417    0.06684
   0.66904    0.92706
   0.29629    0.08777
   0.92995    0.33240
   0.28196    0.52618
   0.16888    0.24664
   0.74517    0.54290
   0.47713    0.78087
   0.65344    0.52188
   0.96658    0.93195
   0.31303    0.14711
   0.07644    0.41677
   0.79142    0.28029
   0.36538    0.59810
   0.58510    0.03647
   0.18334    0.06369
   0.07692    0.32288
   0.15366    0.09838
   0.82688    0.17004
   0.30096    0.37116
   0.38388    0.03976
   0.65075    0.70924
   0.81737    0.64134
   0.76627    0.17406
   0.37418    0.06215
   0.18986    0.40666
   0.64650    0.46306
   0.00361    0.20267
   0.28289    0.86955
   0.63860    0.59794
   0.59207    0.02301
   0.32529    0.89943
   0.98895    0.45295
   0.12324    0.05803
   0.73588    0.10627
   0.15662    0.99843
   0.43465    0.86633
   0.83224    0.61521
   0.35991    0.02694
   0.07624    0.32252
   0.55693    0.46378
   0.27393    0.09902
   0.13205    0.57099
   0.69965    0.32588
   0.48590    0.45049
   0.18272    0.57784
   0.10121    0.07484
   0.20158    0.05734
   0.13475    0.30096
   0.32379    0.52172
   0.95055    0.56188
   0.53213    0.24155
   0.24769    0.91272
   0.43728    0.82573
   0.66909    0.44455
   0.54770    0.98206
   0.60905    0.57827
   0.86313    0.23442
   0.38070    0.81059
   0.74896    0.45127
   0.15670    0.24997
   0.05812    0.95544
   0.33971    0.14265
   0.81718    0.51256
   0.37755    0.97193
   0.97260    0.64832
   0.60532    0.61467
   0.33824    0.46965
   0.92798    0.57778
   0.89842    0.91131
   0.85071    0.37622
   0.25679    0.22876
   0.28550    0.42352
   0.77995    0.27360
   0.70140    0.44457
   0.49251    0.62752
   0.96767    0.53464
   0.47616    0.38544
   0.99491    0.87345
   0.49058    0.30035
   0.50345    0.40003
   0.76877    0.51772
   0.38808    0.06182
   0.45326    0.23137
   0.13285    0.11849
   0.75851    0.09878
   0.56524    0.89028
   0.64864    0.03339
   0.79806    0.83903
   0.22045    0.50727
   0.85789    0.11372
   0.90473    0.49045
   0.29202    0.59944
   0.72587    0.09022
   0.33945    0.97822
   0.27268    0.65302
   0.17027    0.46113
   0.66402    0.86376
   0.53585    0.26283
   0.82911    0.82396
   0.26736    0.32898
   0.17616    0.94130
   0.43119    0.24411
   0.47566    0.95711
   0.78522    0.51082
   0.13065    0.56458
   0.05136    0.99372
   0.62751    0.77098
   0.02909    0.31380
   0.13619    0.05787
   0.69456    0.04407
   0.51568    0.81294
   0.54258    0.41207
   0.80848    0.38416
   0.79369    0.52313
   0.50187    0.89215
   0.27663    0.40592
   0.11966    0.60439
   0.88660    0.09480
   0.97029    0.33598
   0.94253    0.14484
   0.63813    0.24488
   0.09059    0.37897
   0.07471    0.27032
   0.18245    0.21560
   0.03169    0.63373
   0.72494    0.79972
   0.14416    0.20851
   0.63593    0.89626
   0.78985    0.74571
   0.56625    0.53639
   0.37741    0.96997
   0.82159    0.56488
   0.30488    0.21769
   0.31937    0.85776
   0.78498    0.86200
   0.50374    0.31330
   0.26100    0.32698
   0.73248    0.84001
   0.16295    0.49253
   0.92108    0.05190
   0.22222    0.77802
   0.08361    0.42667
   0.07370    0.27996
   0.76955    0.33351
   0.81768    0.36694
   0.74043    0.79479
   0.75825    0.03869
   0.96119    0.72667
   0.46642    0.87268
   0.78700    0.28581
   0.42257    0.65685
   0.94373    0.23189
   0.00131    0.62195
   0.98127    0.07512
   0.57019    0.96676
   0.34647    0.60997
   0.55750    0.38372
   0.29978    0.03057
   0.15907    0.85757
   0.66526    0.60354
   0.68420    0.84784
   0.79241    0.50462
   0.34862    0.00791
   0.25007    0.91907
   0.34500    0.41070
   0.32863    0.73237
   0.92749    0.15111
   0.75607    0.81523
   0.28824    0.90960
   0.60618    0.77794
   0.76603    0.75712
   0.84615    0.40520
   0.90198    0.70190
   0.59571    0.56546
   0.06854    0.58474
   0.21804    0.34491
   0.86941    0.70423
   0.41422    0.16086
   0.66121    0.00151
   0.78348    0.56200
   0.24789    0.54648
   0.55443    0.55083
   0.22959    0.69454
   0.00691    0.92749
   0.76664    0.94421
   0.02183    0.90326
   0.39310    0.60411
   0.25254    0.92621
   0.20422    0.11695
   0.66228    0.34080
   0.91474    0.03673
   0.00690    0.53837
   0.74642    0.73723
   0.79967    0.18122
   0.90780    0.42625
   0.97457    0.09817
   0.11986    0.30322
   0.51897    0.78012
   0.82197    0.53696
   0.63702    0.76907
   0.95391    0.63894
   0.94693    0.89315
   0.96661    0.06069
   0.06734    0.17577
   0.43753    0.41633
   0.32084    0.73979
   0.13405    0.89295
   0.13459    0.02585
   0.80595    0.13756
   0.52476    0.42409
   0.94426    0.76457
   0.98834    0.52444
   0.40989    0.75448
   0.37119    0.16980
   0.22685    0.67273
   0.44603    0.61865
   0.26622    0.00685
   0.45910    0.74023
   0.43291    0.99174
   0.25962    0.12818
